p(e);p(e|f);p_lex(f|e);bleu
-5;-5;-5;24.59
-5;-5;-4;24.71
-5;-5;-3;24.78
-5;-5;-2;24.81
-5;-5;-1;24.76
-5;-5;0;24.90
-5;-5;1;24.98
-5;-5;2;24.93
-5;-5;3;25.02
-5;-5;4;25.00
-5;-5;5;24.96
-5;-4;-5;24.61
-5;-4;-4;24.71
-5;-4;-3;24.72
-5;-4;-2;24.58
-5;-4;-1;24.63
-5;-4;0;24.69
-5;-4;1;24.75
-5;-4;2;24.78
-5;-4;3;24.65
-5;-4;4;24.76
-5;-4;5;24.78
-5;-3;-5;24.44
-5;-3;-4;24.62
-5;-3;-3;24.62
-5;-3;-2;24.51
-5;-3;-1;24.56
-5;-3;0;24.63
-5;-3;1;24.60
-5;-3;2;24.61
-5;-3;3;24.64
-5;-3;4;24.63
-5;-3;5;24.72
-5;-2;-5;24.45
-5;-2;-4;24.53
-5;-2;-3;24.50
-5;-2;-2;24.45
-5;-2;-1;24.36
-5;-2;0;24.45
-5;-2;1;24.53
-5;-2;2;24.54
-5;-2;3;24.57
-5;-2;4;24.54
-5;-2;5;24.63
-5;-1;-5;24.29
-5;-1;-4;24.31
-5;-1;-3;24.31
-5;-1;-2;24.29
-5;-1;-1;24.20
-5;-1;0;24.23
-5;-1;1;24.29
-5;-1;2;24.28
-5;-1;3;24.31
-5;-1;4;24.44
-5;-1;5;24.62
-5;0;-5;24.28
-5;0;-4;24.21
-5;0;-3;24.17
-5;0;-2;24.31
-5;0;-1;24.27
-5;0;0;24.19
-5;0;1;24.23
-5;0;2;24.26
-5;0;3;24.30
-5;0;4;24.36
-5;0;5;24.49
-5;1;-5;24.27
-5;1;-4;24.24
-5;1;-3;24.20
-5;1;-2;24.26
-5;1;-1;24.33
-5;1;0;24.25
-5;1;1;24.25
-5;1;2;24.28
-5;1;3;24.35
-5;1;4;24.35
-5;1;5;24.42
-5;2;-5;24.44
-5;2;-4;24.30
-5;2;-3;24.26
-5;2;-2;24.27
-5;2;-1;24.48
-5;2;0;24.54
-5;2;1;24.53
-5;2;2;24.48
-5;2;3;24.49
-5;2;4;24.47
-5;2;5;24.53
-5;3;-5;24.46
-5;3;-4;24.42
-5;3;-3;24.31
-5;3;-2;24.38
-5;3;-1;24.49
-5;3;0;24.55
-5;3;1;24.51
-5;3;2;24.51
-5;3;3;24.60
-5;3;4;24.62
-5;3;5;24.57
-5;4;-5;24.52
-5;4;-4;24.48
-5;4;-3;24.44
-5;4;-2;24.29
-5;4;-1;24.43
-5;4;0;24.47
-5;4;1;24.46
-5;4;2;24.42
-5;4;3;24.39
-5;4;4;24.49
-5;4;5;24.64
-5;5;-5;24.71
-5;5;-4;24.66
-5;5;-3;24.48
-5;5;-2;24.41
-5;5;-1;24.36
-5;5;0;24.37
-5;5;1;24.45
-5;5;2;24.39
-5;5;3;24.39
-5;5;4;24.41
-5;5;5;24.63
-4;-5;-5;24.50
-4;-5;-4;24.55
-4;-5;-3;24.56
-4;-5;-2;24.77
-4;-5;-1;24.79
-4;-5;0;24.85
-4;-5;1;25.02
-4;-5;2;24.98
-4;-5;3;25.03
-4;-5;4;24.98
-4;-5;5;25.07
-4;-4;-5;24.57
-4;-4;-4;24.59
-4;-4;-3;24.74
-4;-4;-2;24.79
-4;-4;-1;24.73
-4;-4;0;24.90
-4;-4;1;24.98
-4;-4;2;24.97
-4;-4;3;25.00
-4;-4;4;24.96
-4;-4;5;24.99
-4;-3;-5;24.38
-4;-3;-4;24.58
-4;-3;-3;24.60
-4;-3;-2;24.57
-4;-3;-1;24.66
-4;-3;0;24.66
-4;-3;1;24.76
-4;-3;2;24.68
-4;-3;3;24.66
-4;-3;4;24.77
-4;-3;5;24.85
-4;-2;-5;24.53
-4;-2;-4;24.44
-4;-2;-3;24.67
-4;-2;-2;24.45
-4;-2;-1;24.57
-4;-2;0;24.60
-4;-2;1;24.65
-4;-2;2;24.64
-4;-2;3;24.62
-4;-2;4;24.59
-4;-2;5;24.67
-4;-1;-5;24.45
-4;-1;-4;24.32
-4;-1;-3;24.33
-4;-1;-2;24.34
-4;-1;-1;24.21
-4;-1;0;24.29
-4;-1;1;24.29
-4;-1;2;24.31
-4;-1;3;24.47
-4;-1;4;24.56
-4;-1;5;24.64
-4;0;-5;24.27
-4;0;-4;24.28
-4;0;-3;24.24
-4;0;-2;24.24
-4;0;-1;24.32
-4;0;0;24.19
-4;0;1;24.21
-4;0;2;24.31
-4;0;3;24.30
-4;0;4;24.49
-4;0;5;24.60
-4;1;-5;24.46
-4;1;-4;24.30
-4;1;-3;24.23
-4;1;-2;24.19
-4;1;-1;24.35
-4;1;0;24.31
-4;1;1;24.30
-4;1;2;24.32
-4;1;3;24.36
-4;1;4;24.41
-4;1;5;24.49
-4;2;-5;24.42
-4;2;-4;24.42
-4;2;-3;24.24
-4;2;-2;24.28
-4;2;-1;24.45
-4;2;0;24.58
-4;2;1;24.54
-4;2;2;24.57
-4;2;3;24.59
-4;2;4;24.60
-4;2;5;24.64
-4;3;-5;24.50
-4;3;-4;24.47
-4;3;-3;24.47
-4;3;-2;24.35
-4;3;-1;24.40
-4;3;0;24.46
-4;3;1;24.52
-4;3;2;24.37
-4;3;3;24.52
-4;3;4;24.67
-4;3;5;24.70
-4;4;-5;24.75
-4;4;-4;24.71
-4;4;-3;24.61
-4;4;-2;24.41
-4;4;-1;24.34
-4;4;0;24.37
-4;4;1;24.48
-4;4;2;24.41
-4;4;3;24.42
-4;4;4;24.63
-4;4;5;24.60
-4;5;-5;24.75
-4;5;-4;24.79
-4;5;-3;24.69
-4;5;-2;24.66
-4;5;-1;24.49
-4;5;0;24.37
-4;5;1;24.31
-4;5;2;24.47
-4;5;3;24.54
-4;5;4;24.54
-4;5;5;24.61
-3;-5;-5;24.35
-3;-5;-4;24.51
-3;-5;-3;24.60
-3;-5;-2;24.61
-3;-5;-1;24.80
-3;-5;0;24.89
-3;-5;1;24.94
-3;-5;2;24.83
-3;-5;3;24.95
-3;-5;4;24.86
-3;-5;5;24.88
-3;-4;-5;24.31
-3;-4;-4;24.50
-3;-4;-3;24.52
-3;-4;-2;24.64
-3;-4;-1;24.80
-3;-4;0;25.00
-3;-4;1;25.01
-3;-4;2;24.94
-3;-4;3;24.97
-3;-4;4;24.99
-3;-4;5;24.97
-3;-3;-5;24.45
-3;-3;-4;24.49
-3;-3;-3;24.59
-3;-3;-2;24.78
-3;-3;-1;24.74
-3;-3;0;24.90
-3;-3;1;24.93
-3;-3;2;24.99
-3;-3;3;24.96
-3;-3;4;24.99
-3;-3;5;25.01
-3;-2;-5;24.52
-3;-2;-4;24.41
-3;-2;-3;24.46
-3;-2;-2;24.51
-3;-2;-1;24.62
-3;-2;0;24.67
-3;-2;1;24.63
-3;-2;2;24.64
-3;-2;3;24.75
-3;-2;4;24.70
-3;-2;5;24.81
-3;-1;-5;24.51
-3;-1;-4;24.45
-3;-1;-3;24.42
-3;-1;-2;24.48
-3;-1;-1;24.35
-3;-1;0;24.32
-3;-1;1;24.46
-3;-1;2;24.52
-3;-1;3;24.60
-3;-1;4;24.66
-3;-1;5;24.81
-3;0;-5;24.35
-3;0;-4;24.22
-3;0;-3;24.28
-3;0;-2;24.15
-3;0;-1;24.32
-3;0;0;24.19
-3;0;1;24.24
-3;0;2;24.35
-3;0;3;24.49
-3;0;4;24.62
-3;0;5;24.71
-3;1;-5;24.37
-3;1;-4;24.45
-3;1;-3;24.38
-3;1;-2;24.23
-3;1;-1;24.40
-3;1;0;24.48
-3;1;1;24.43
-3;1;2;24.38
-3;1;3;24.48
-3;1;4;24.60
-3;1;5;24.62
-3;2;-5;24.41
-3;2;-4;24.42
-3;2;-3;24.51
-3;2;-2;24.32
-3;2;-1;24.39
-3;2;0;24.54
-3;2;1;24.49
-3;2;2;24.52
-3;2;3;24.65
-3;2;4;24.64
-3;2;5;24.62
-3;3;-5;24.71
-3;3;-4;24.77
-3;3;-3;24.71
-3;3;-2;24.56
-3;3;-1;24.38
-3;3;0;24.37
-3;3;1;24.46
-3;3;2;24.36
-3;3;3;24.63
-3;3;4;24.61
-3;3;5;24.80
-3;4;-5;24.81
-3;4;-4;24.88
-3;4;-3;24.82
-3;4;-2;24.74
-3;4;-1;24.66
-3;4;0;24.44
-3;4;1;24.36
-3;4;2;24.62
-3;4;3;24.54
-3;4;4;24.66
-3;4;5;24.80
-3;5;-5;24.85
-3;5;-4;24.97
-3;5;-3;24.81
-3;5;-2;24.88
-3;5;-1;24.82
-3;5;0;24.65
-3;5;1;24.47
-3;5;2;24.44
-3;5;3;24.48
-3;5;4;24.49
-3;5;5;24.69
-2;-5;-5;24.40
-2;-5;-4;24.56
-2;-5;-3;24.42
-2;-5;-2;24.55
-2;-5;-1;24.74
-2;-5;0;24.88
-2;-5;1;25.04
-2;-5;2;25.00
-2;-5;3;25.00
-2;-5;4;24.96
-2;-5;5;25.04
-2;-4;-5;24.81
-2;-4;-4;24.42
-2;-4;-3;24.58
-2;-4;-2;24.64
-2;-4;-1;24.87
-2;-4;0;24.95
-2;-4;1;24.93
-2;-4;2;24.90
-2;-4;3;25.07
-2;-4;4;25.06
-2;-4;5;25.11
-2;-3;-5;24.84
-2;-3;-4;24.63
-2;-3;-3;24.37
-2;-3;-2;24.59
-2;-3;-1;24.80
-2;-3;0;25.02
-2;-3;1;25.01
-2;-3;2;25.10
-2;-3;3;24.92
-2;-3;4;24.94
-2;-3;5;24.90
-2;-2;-5;24.76
-2;-2;-4;24.43
-2;-2;-3;24.58
-2;-2;-2;24.59
-2;-2;-1;24.79
-2;-2;0;24.90
-2;-2;1;24.97
-2;-2;2;24.96
-2;-2;3;25.01
-2;-2;4;25.00
-2;-2;5;24.95
-2;-1;-5;24.59
-2;-1;-4;24.42
-2;-1;-3;24.45
-2;-1;-2;24.44
-2;-1;-1;24.45
-2;-1;0;24.60
-2;-1;1;24.64
-2;-1;2;24.59
-2;-1;3;24.79
-2;-1;4;24.94
-2;-1;5;24.81
-2;0;-5;24.72
-2;0;-4;24.46
-2;0;-3;24.26
-2;0;-2;24.28
-2;0;-1;24.24
-2;0;0;24.19
-2;0;1;24.31
-2;0;2;24.49
-2;0;3;24.63
-2;0;4;24.69
-2;0;5;24.62
-2;1;-5;24.73
-2;1;-4;24.59
-2;1;-3;24.37
-2;1;-2;24.42
-2;1;-1;24.28
-2;1;0;24.58
-2;1;1;24.57
-2;1;2;24.60
-2;1;3;24.62
-2;1;4;24.65
-2;1;5;24.72
-2;2;-5;24.91
-2;2;-4;24.90
-2;2;-3;24.80
-2;2;-2;24.71
-2;2;-1;24.41
-2;2;0;24.37
-2;2;1;24.41
-2;2;2;24.63
-2;2;3;24.68
-2;2;4;24.75
-2;2;5;24.81
-2;3;-5;25.05
-2;3;-4;24.75
-2;3;-3;24.91
-2;3;-2;24.83
-2;3;-1;24.76
-2;3;0;24.47
-2;3;1;24.32
-2;3;2;24.48
-2;3;3;24.63
-2;3;4;24.76
-2;3;5;24.89
-2;4;-5;25.00
-2;4;-4;24.99
-2;4;-3;25.06
-2;4;-2;25.03
-2;4;-1;24.88
-2;4;0;24.98
-2;4;1;24.85
-2;4;2;24.60
-2;4;3;24.61
-2;4;4;24.89
-2;4;5;24.92
-2;5;-5;24.88
-2;5;-4;25.03
-2;5;-3;25.09
-2;5;-2;25.38
-2;5;-1;25.08
-2;5;0;25.10
-2;5;1;25.08
-2;5;2;24.87
-2;5;3;25.05
-2;5;4;24.91
-2;5;5;24.95
-1;-5;-5;25.45
-1;-5;-4;25.34
-1;-5;-3;25.05
-1;-5;-2;24.59
-1;-5;-1;24.31
-1;-5;0;24.54
-1;-5;1;24.79
-1;-5;2;24.96
-1;-5;3;25.10
-1;-5;4;24.95
-1;-5;5;25.06
-1;-4;-5;25.40
-1;-4;-4;24.88
-1;-4;-3;24.99
-1;-4;-2;24.61
-1;-4;-1;24.54
-1;-4;0;24.61
-1;-4;1;24.96
-1;-4;2;25.29
-1;-4;3;25.14
-1;-4;4;25.11
-1;-4;5;25.26
-1;-3;-5;25.03
-1;-3;-4;24.97
-1;-3;-3;24.61
-1;-3;-2;24.66
-1;-3;-1;24.54
-1;-3;0;24.85
-1;-3;1;25.19
-1;-3;2;24.96
-1;-3;3;25.15
-1;-3;4;25.11
-1;-3;5;25.22
-1;-2;-5;24.96
-1;-2;-4;24.86
-1;-2;-3;24.78
-1;-2;-2;24.42
-1;-2;-1;24.64
-1;-2;0;24.95
-1;-2;1;24.90
-1;-2;2;25.06
-1;-2;3;25.11
-1;-2;4;25.09
-1;-2;5;25.09
-1;-1;-5;24.89
-1;-1;-4;25.08
-1;-1;-3;24.72
-1;-1;-2;24.43
-1;-1;-1;24.59
-1;-1;0;24.90
-1;-1;1;24.96
-1;-1;2;25.00
-1;-1;3;24.85
-1;-1;4;24.85
-1;-1;5;24.98
-1;0;-5;24.74
-1;0;-4;24.87
-1;0;-3;24.93
-1;0;-2;24.46
-1;0;-1;24.28
-1;0;0;24.19
-1;0;1;24.49
-1;0;2;24.69
-1;0;3;24.59
-1;0;4;24.61
-1;0;5;24.48
-1;1;-5;24.71
-1;1;-4;25.01
-1;1;-3;25.16
-1;1;-2;24.90
-1;1;-1;24.71
-1;1;0;24.37
-1;1;1;24.63
-1;1;2;24.75
-1;1;3;24.81
-1;1;4;24.79
-1;1;5;24.94
-1;2;-5;24.70
-1;2;-4;24.84
-1;2;-3;24.88
-1;2;-2;24.99
-1;2;-1;25.03
-1;2;0;24.98
-1;2;1;24.60
-1;2;2;24.89
-1;2;3;25.02
-1;2;4;25.26
-1;2;5;25.14
-1;3;-5;24.61
-1;3;-4;24.63
-1;3;-3;24.85
-1;3;-2;25.10
-1;3;-1;25.27
-1;3;0;25.17
-1;3;1;25.09
-1;3;2;25.13
-1;3;3;25.08
-1;3;4;25.08
-1;3;5;25.42
-1;4;-5;24.65
-1;4;-4;24.55
-1;4;-3;24.99
-1;4;-2;24.96
-1;4;-1;25.23
-1;4;0;25.21
-1;4;1;25.20
-1;4;2;25.28
-1;4;3;25.25
-1;4;4;25.45
-1;4;5;25.45
-1;5;-5;24.59
-1;5;-4;24.64
-1;5;-3;24.93
-1;5;-2;24.96
-1;5;-1;25.24
-1;5;0;25.37
-1;5;1;25.38
-1;5;2;25.42
-1;5;3;25.31
-1;5;4;25.48
-1;5;5;25.61
0;-5;-5;25.12
0;-5;-4;25.13
0;-5;-3;25.42
0;-5;-2;25.45
0;-5;-1;25.17
0;-5;0;25.58
0;-5;1;25.21
0;-5;2;25.42
0;-5;3;25.30
0;-5;4;25.27
0;-5;5;25.36
0;-4;-5;25.10
0;-4;-4;25.12
0;-4;-3;25.08
0;-4;-2;25.26
0;-4;-1;25.14
0;-4;0;25.58
0;-4;1;25.25
0;-4;2;25.43
0;-4;3;25.26
0;-4;4;25.36
0;-4;5;25.55
0;-3;-5;25.03
0;-3;-4;25.08
0;-3;-3;25.12
0;-3;-2;25.13
0;-3;-1;25.42
0;-3;0;25.58
0;-3;1;25.36
0;-3;2;25.13
0;-3;3;25.36
0;-3;4;25.59
0;-3;5;25.54
0;-2;-5;24.94
0;-2;-4;24.95
0;-2;-3;25.18
0;-2;-2;25.12
0;-2;-1;25.26
0;-2;0;25.58
0;-2;1;25.43
0;-2;2;25.36
0;-2;3;25.49
0;-2;4;25.54
0;-2;5;25.64
0;-1;-5;25.05
0;-1;-4;25.02
0;-1;-3;25.01
0;-1;-2;24.95
0;-1;-1;25.12
0;-1;0;25.58
0;-1;1;25.36
0;-1;2;25.54
0;-1;3;25.68
0;-1;4;25.62
0;-1;5;25.58
0;0;-5;24.84
0;0;-4;24.84
0;0;-3;24.84
0;0;-2;24.84
0;0;-1;24.84
0;0;0;26.33
0;0;1;25.77
0;0;2;25.77
0;0;3;25.77
0;0;4;25.77
0;0;5;25.77
0;1;-5;24.96
0;1;-4;24.85
0;1;-3;24.72
0;1;-2;24.79
0;1;-1;25.00
0;1;0;26.63
0;1;1;26.21
0;1;2;26.13
0;1;3;26.10
0;1;4;25.63
0;1;5;25.65
0;2;-5;24.85
0;2;-4;24.79
0;2;-3;24.80
0;2;-2;25.00
0;2;-1;25.29
0;2;0;26.63
0;2;1;26.17
0;2;2;26.21
0;2;3;26.22
0;2;4;26.13
0;2;5;26.10
0;3;-5;24.75
0;3;-4;24.94
0;3;-3;25.00
0;3;-2;25.28
0;3;-1;25.78
0;3;0;26.63
0;3;1;26.49
0;3;2;26.05
0;3;3;26.21
0;3;4;26.08
0;3;5;26.11
0;4;-5;25.01
0;4;-4;25.00
0;4;-3;25.02
0;4;-2;25.29
0;4;-1;25.97
0;4;0;26.63
0;4;1;26.50
0;4;2;26.17
0;4;3;26.08
0;4;4;26.21
0;4;5;26.04
0;5;-5;25.00
0;5;-4;25.15
0;5;-3;25.33
0;5;-2;25.29
0;5;-1;25.96
0;5;0;26.63
0;5;1;26.51
0;5;2;26.39
0;5;3;26.05
0;5;4;26.05
0;5;5;26.21
1;-5;-5;25.23
1;-5;-4;25.28
1;-5;-3;25.20
1;-5;-2;25.53
1;-5;-1;25.50
1;-5;0;25.79
1;-5;1;25.63
1;-5;2;25.88
1;-5;3;25.98
1;-5;4;26.16
1;-5;5;26.28
1;-4;-5;25.26
1;-4;-4;25.28
1;-4;-3;25.24
1;-4;-2;25.35
1;-4;-1;25.53
1;-4;0;25.68
1;-4;1;25.87
1;-4;2;25.99
1;-4;3;25.95
1;-4;4;26.36
1;-4;5;26.40
1;-3;-5;25.33
1;-3;-4;25.41
1;-3;-3;25.13
1;-3;-2;25.21
1;-3;-1;25.53
1;-3;0;25.68
1;-3;1;25.89
1;-3;2;26.11
1;-3;3;26.33
1;-3;4;26.70
1;-3;5;26.66
1;-2;-5;25.16
1;-2;-4;25.16
1;-2;-3;25.25
1;-2;-2;25.19
1;-2;-1;25.42
1;-2;0;25.65
1;-2;1;25.95
1;-2;2;26.28
1;-2;3;26.74
1;-2;4;26.81
1;-2;5;26.69
1;-1;-5;25.32
1;-1;-4;25.22
1;-1;-3;25.11
1;-1;-2;25.33
1;-1;-1;25.45
1;-1;0;26.06
1;-1;1;26.21
1;-1;2;26.74
1;-1;3;27.17
1;-1;4;27.14
1;-1;5;26.76
1;0;-5;24.97
1;0;-4;25.13
1;0;-3;25.18
1;0;-2;25.26
1;0;-1;25.62
1;0;0;26.29
1;0;1;26.70
1;0;2;27.34
1;0;3;27.71
1;0;4;27.54
1;0;5;27.30
1;1;-5;24.89
1;1;-4;24.95
1;1;-3;24.97
1;1;-2;25.20
1;1;-1;25.50
1;1;0;26.43
1;1;1;27.35
1;1;2;27.89
1;1;3;27.73
1;1;4;27.79
1;1;5;27.46
1;2;-5;24.88
1;2;-4;24.78
1;2;-3;24.76
1;2;-2;25.06
1;2;-1;25.48
1;2;0;26.18
1;2;1;26.85
1;2;2;27.92
1;2;3;27.65
1;2;4;27.65
1;2;5;27.55
1;3;-5;24.85
1;3;-4;25.07
1;3;-3;25.19
1;3;-2;25.30
1;3;-1;25.63
1;3;0;26.22
1;3;1;27.02
1;3;2;27.43
1;3;3;27.48
1;3;4;27.42
1;3;5;27.34
1;4;-5;25.12
1;4;-4;25.24
1;4;-3;25.26
1;4;-2;25.70
1;4;-1;25.91
1;4;0;26.70
1;4;1;27.21
1;4;2;27.43
1;4;3;27.68
1;4;4;27.38
1;4;5;27.44
1;5;-5;25.24
1;5;-4;25.32
1;5;-3;25.43
1;5;-2;25.97
1;5;-1;26.26
1;5;0;26.78
1;5;1;27.13
1;5;2;27.59
1;5;3;27.58
1;5;4;27.31
1;5;5;27.14
2;-5;-5;25.30
2;-5;-4;25.26
2;-5;-3;25.19
2;-5;-2;25.31
2;-5;-1;25.49
2;-5;0;25.71
2;-5;1;25.90
2;-5;2;25.93
2;-5;3;26.06
2;-5;4;26.24
2;-5;5;26.33
2;-4;-5;25.20
2;-4;-4;25.19
2;-4;-3;25.27
2;-4;-2;25.42
2;-4;-1;25.50
2;-4;0;25.65
2;-4;1;25.88
2;-4;2;25.95
2;-4;3;26.30
2;-4;4;26.28
2;-4;5;26.43
2;-3;-5;25.18
2;-3;-4;25.27
2;-3;-3;25.36
2;-3;-2;25.53
2;-3;-1;25.86
2;-3;0;25.86
2;-3;1;25.84
2;-3;2;26.09
2;-3;3;26.46
2;-3;4;26.56
2;-3;5;26.66
2;-2;-5;25.20
2;-2;-4;25.33
2;-2;-3;25.33
2;-2;-2;25.45
2;-2;-1;25.82
2;-2;0;26.06
2;-2;1;26.19
2;-2;2;26.21
2;-2;3;26.53
2;-2;4;26.74
2;-2;5;26.81
2;-1;-5;25.15
2;-1;-4;25.10
2;-1;-3;25.34
2;-1;-2;25.59
2;-1;-1;25.89
2;-1;0;26.08
2;-1;1;26.31
2;-1;2;26.55
2;-1;3;26.59
2;-1;4;27.12
2;-1;5;27.19
2;0;-5;25.19
2;0;-4;25.26
2;0;-3;25.49
2;0;-2;25.62
2;0;-1;25.78
2;0;0;26.29
2;0;1;26.52
2;0;2;26.70
2;0;3;27.02
2;0;4;27.34
2;0;5;27.62
2;1;-5;25.09
2;1;-4;25.19
2;1;-3;25.29
2;1;-2;25.69
2;1;-1;25.95
2;1;0;26.41
2;1;1;26.48
2;1;2;27.22
2;1;3;27.24
2;1;4;27.63
2;1;5;27.65
2;2;-5;25.06
2;2;-4;25.20
2;2;-3;25.25
2;2;-2;25.50
2;2;-1;26.18
2;2;0;26.43
2;2;1;26.97
2;2;2;27.35
2;2;3;27.48
2;2;4;27.89
2;2;5;27.89
2;3;-5;24.96
2;3;-4;25.12
2;3;-3;25.18
2;3;-2;25.56
2;3;-1;26.02
2;3;0;26.23
2;3;1;26.76
2;3;2;27.06
2;3;3;27.54
2;3;4;28.04
2;3;5;28.16
2;4;-5;24.99
2;4;-4;25.06
2;4;-3;25.17
2;4;-2;25.48
2;4;-1;25.98
2;4;0;26.18
2;4;1;26.80
2;4;2;26.85
2;4;3;27.37
2;4;4;27.92
2;4;5;27.91
2;5;-5;25.12
2;5;-4;25.26
2;5;-3;25.38
2;5;-2;25.54
2;5;-1;25.86
2;5;0;26.13
2;5;1;26.83
2;5;2;26.98
2;5;3;27.35
2;5;4;27.69
2;5;5;27.71
3;-5;-5;25.33
3;-5;-4;25.31
3;-5;-3;25.47
3;-5;-2;25.65
3;-5;-1;25.85
3;-5;0;25.74
3;-5;1;25.74
3;-5;2;25.99
3;-5;3;26.01
3;-5;4;26.24
3;-5;5;26.46
3;-4;-5;25.35
3;-4;-4;25.44
3;-4;-3;25.48
3;-4;-2;25.64
3;-4;-1;25.91
3;-4;0;25.97
3;-4;1;25.85
3;-4;2;26.04
3;-4;3;26.04
3;-4;4;26.45
3;-4;5;26.62
3;-3;-5;25.40
3;-3;-4;25.30
3;-3;-3;25.45
3;-3;-2;25.66
3;-3;-1;25.94
3;-3;0;26.06
3;-3;1;26.07
3;-3;2;26.10
3;-3;3;26.21
3;-3;4;26.45
3;-3;5;26.65
3;-2;-5;25.35
3;-2;-4;25.49
3;-2;-3;25.55
3;-2;-2;25.65
3;-2;-1;25.82
3;-2;0;26.04
3;-2;1;26.23
3;-2;2;26.11
3;-2;3;26.38
3;-2;4;26.44
3;-2;5;26.61
3;-1;-5;25.25
3;-1;-4;25.54
3;-1;-3;25.59
3;-1;-2;25.64
3;-1;-1;25.85
3;-1;0;26.24
3;-1;1;26.36
3;-1;2;26.51
3;-1;3;26.55
3;-1;4;26.59
3;-1;5;26.99
3;0;-5;25.35
3;0;-4;25.51
3;0;-3;25.62
3;0;-2;25.76
3;0;-1;25.93
3;0;0;26.29
3;0;1;26.59
3;0;2;26.50
3;0;3;26.70
3;0;4;26.92
3;0;5;26.98
3;1;-5;25.31
3;1;-4;25.49
3;1;-3;25.57
3;1;-2;25.75
3;1;-1;26.06
3;1;0;26.34
3;1;1;26.55
3;1;2;26.54
3;1;3;26.99
3;1;4;27.28
3;1;5;27.16
3;2;-5;25.23
3;2;-4;25.36
3;2;-3;25.60
3;2;-2;25.91
3;2;-1;26.17
3;2;0;26.47
3;2;1;26.76
3;2;2;27.07
3;2;3;27.19
3;2;4;27.24
3;2;5;27.42
3;3;-5;25.21
3;3;-4;25.20
3;3;-3;25.50
3;3;-2;25.92
3;3;-1;26.30
3;3;0;26.43
3;3;1;26.53
3;3;2;27.16
3;3;3;27.35
3;3;4;27.28
3;3;5;27.55
3;4;-5;25.19
3;4;-4;25.28
3;4;-3;25.57
3;4;-2;25.87
3;4;-1;26.30
3;4;0;26.26
3;4;1;26.63
3;4;2;26.99
3;4;3;27.06
3;4;4;27.35
3;4;5;27.75
3;5;-5;25.12
3;5;-4;25.29
3;5;-3;25.50
3;5;-2;25.74
3;5;-1;26.12
3;5;0;26.07
3;5;1;26.58
3;5;2;26.73
3;5;3;27.04
3;5;4;27.45
3;5;5;27.71
4;-5;-5;25.39
4;-5;-4;25.46
4;-5;-3;25.58
4;-5;-2;25.94
4;-5;-1;25.96
4;-5;0;25.95
4;-5;1;25.85
4;-5;2;26.00
4;-5;3;26.01
4;-5;4;26.06
4;-5;5;26.39
4;-4;-5;25.33
4;-4;-4;25.45
4;-4;-3;25.63
4;-4;-2;25.82
4;-4;-1;26.04
4;-4;0;26.06
4;-4;1;26.06
4;-4;2;26.19
4;-4;3;26.13
4;-4;4;26.21
4;-4;5;26.34
4;-3;-5;25.47
4;-3;-4;25.54
4;-3;-3;25.60
4;-3;-2;25.73
4;-3;-1;25.86
4;-3;0;25.96
4;-3;1;26.02
4;-3;2;26.12
4;-3;3;26.18
4;-3;4;26.30
4;-3;5;26.34
4;-2;-5;25.53
4;-2;-4;25.59
4;-2;-3;25.62
4;-2;-2;25.89
4;-2;-1;26.01
4;-2;0;26.08
4;-2;1;26.14
4;-2;2;26.31
4;-2;3;26.41
4;-2;4;26.55
4;-2;5;26.50
4;-1;-5;25.50
4;-1;-4;25.51
4;-1;-3;25.65
4;-1;-2;25.71
4;-1;-1;26.00
4;-1;0;26.23
4;-1;1;26.38
4;-1;2;26.44
4;-1;3;26.62
4;-1;4;26.49
4;-1;5;26.54
4;0;-5;25.52
4;0;-4;25.62
4;0;-3;25.71
4;0;-2;25.78
4;0;-1;26.01
4;0;0;26.29
4;0;1;26.53
4;0;2;26.52
4;0;3;26.68
4;0;4;26.70
4;0;5;26.83
4;1;-5;25.54
4;1;-4;25.50
4;1;-3;25.59
4;1;-2;25.74
4;1;-1;26.06
4;1;0;26.14
4;1;1;26.41
4;1;2;26.50
4;1;3;26.56
4;1;4;27.01
4;1;5;27.17
4;2;-5;25.48
4;2;-4;25.69
4;2;-3;25.74
4;2;-2;25.95
4;2;-1;26.38
4;2;0;26.41
4;2;1;26.60
4;2;2;26.48
4;2;3;27.05
4;2;4;27.22
4;2;5;27.35
4;3;-5;25.37
4;3;-4;25.51
4;3;-3;25.81
4;3;-2;26.05
4;3;-1;26.43
4;3;0;26.39
4;3;1;26.65
4;3;2;26.91
4;3;3;27.10
4;3;4;27.26
4;3;5;27.39
4;4;-5;25.28
4;4;-4;25.50
4;4;-3;25.92
4;4;-2;26.18
4;4;-1;26.38
4;4;0;26.43
4;4;1;26.50
4;4;2;26.97
4;4;3;27.19
4;4;4;27.35
4;4;5;27.22
4;5;-5;25.29
4;5;-4;25.49
4;5;-3;25.75
4;5;-2;26.09
4;5;-1;26.38
4;5;0;26.38
4;5;1;26.54
4;5;2;26.90
4;5;3;26.98
4;5;4;27.25
4;5;5;27.44
5;-5;-5;25.45
5;-5;-4;25.50
5;-5;-3;25.67
5;-5;-2;25.92
5;-5;-1;26.02
5;-5;0;26.06
5;-5;1;26.05
5;-5;2;26.14
5;-5;3;26.04
5;-5;4;26.17
5;-5;5;26.21
5;-4;-5;25.54
5;-4;-4;25.51
5;-4;-3;25.69
5;-4;-2;25.82
5;-4;-1;25.88
5;-4;0;25.95
5;-4;1;26.03
5;-4;2;26.02
5;-4;3;26.01
5;-4;4;26.15
5;-4;5;26.34
5;-3;-5;25.58
5;-3;-4;25.62
5;-3;-3;25.81
5;-3;-2;25.87
5;-3;-1;25.88
5;-3;0;26.01
5;-3;1;26.11
5;-3;2;26.25
5;-3;3;26.14
5;-3;4;26.32
5;-3;5;26.37
5;-2;-5;25.54
5;-2;-4;25.59
5;-2;-3;25.75
5;-2;-2;25.94
5;-2;-1;26.07
5;-2;0;26.13
5;-2;1;26.17
5;-2;2;26.37
5;-2;3;26.41
5;-2;4;26.52
5;-2;5;26.59
5;-1;-5;25.53
5;-1;-4;25.69
5;-1;-3;25.70
5;-1;-2;25.89
5;-1;-1;26.07
5;-1;0;26.26
5;-1;1;26.46
5;-1;2;26.47
5;-1;3;26.56
5;-1;4;26.55
5;-1;5;26.49
5;0;-5;25.62
5;0;-4;25.71
5;0;-3;25.68
5;0;-2;25.86
5;0;-1;26.17
5;0;0;26.29
5;0;1;26.49
5;0;2;26.59
5;0;3;26.47
5;0;4;26.63
5;0;5;26.70
5;1;-5;25.58
5;1;-4;25.61
5;1;-3;25.74
5;1;-2;25.83
5;1;-1;25.97
5;1;0;26.24
5;1;1;26.50
5;1;2;26.54
5;1;3;26.52
5;1;4;26.69
5;1;5;26.92
5;2;-5;25.60
5;2;-4;25.69
5;2;-3;25.81
5;2;-2;25.96
5;2;-1;26.18
5;2;0;26.34
5;2;1;26.51
5;2;2;26.51
5;2;3;26.54
5;2;4;26.90
5;2;5;27.04
5;3;-5;25.60
5;3;-4;25.77
5;3;-3;25.90
5;3;-2;26.18
5;3;-1;26.23
5;3;0;26.38
5;3;1;26.66
5;3;2;26.66
5;3;3;26.99
5;3;4;27.04
5;3;5;27.25
5;4;-5;25.48
5;4;-4;25.78
5;4;-3;25.99
5;4;-2;26.24
5;4;-1;26.43
5;4;0;26.37
5;4;1;26.64
5;4;2;26.70
5;4;3;27.06
5;4;4;27.22
5;4;5;27.31
5;5;-5;25.50
5;5;-4;25.68
5;5;-3;26.00
5;5;-2;26.32
5;5;-1;26.36
5;5;0;26.43
5;5;1;26.39
5;5;2;26.92
5;5;3;27.16
5;5;4;27.24
5;5;5;27.35
